18723
1067
14053
15812
18942
486
6753
15157
16098
9093
5250
1127
17061
16059
10740
2493
8191
11834
1460
13775
4544
19765
11635
12504
13803
9293
8595
14969
5723
9932
11881
4357
14972
7844
14406
12295
1450
19101
132
7721
4390
6388
9924
17574
11997
7870
10301
17989
14766
14287
15400
2129
19154
10639
16446
5125
7349
13528
7811
1209
1040
16272
9868
19879
2360
17481
2652
4904
12596
18587
12260
19703
4904
3700
3165
14468
5451
6256
11425
14196
13568
14601
8043
9001
4702
17100
5847
3915
8749
14933
9914
5404
5711
5770
15733
11389
10749
14244
7329
164
17853
1431
10867
10466
7950
2618
8577
14681
13264
19098
5184
12798
16245
7910
17214
8902
17042
15813
19729
16380
2056
5449
16036
15120
13144
4448
13776
17737
19167
11443
17651
12708
16052
5432
18308
14462
3232
13604
1157
92
14371
17544
2127
1657
11456
3039
4981
3563
19930
14879
15894
4564
15028
14303
16420
14650
11246
8490
15015
13871
10760
17028
17150
5034
7777
10586
1078
6408
19284
18852
15694
816
3813
9708
14265
8078
9480
2917
1515
19570
18042
3460
9354
5329
15641
4629
11828
19501
13129
6290
11464
5981
2613
19381
6378
13983
6806
3145
10109
15196
