18723
1067
14053
15812
18942
486
6753
15157
16098
9093
5250
1127
17061
16059
10740
2493
8191
11834
1460
13775
4544
19765
11635
12504
13803
9293
8595
14969
5723
9932
11881
4357
14972
7844
14406
12295
1450
19101
132
7721
4390
6388
9924
17574
11997
7870
10301
17989
14766
14287
15400
2129
19154
10639
16446
5125
7349
13528
7811
1209
1040
16272
9868
19879
2360
17481
2652
4904
12596
18587
12260
19703
4904
3700
3165
14468
5451
6256
11425
14196
13568
14601
8043
9001
4702
17100
5847
3915
8749
14933
9914
5404
5711
5770
15733
11389
10749
14244
7329
164
17853
1431
10867
10466
7950
2618
8577
14681
13264
19098
5184
12798
16245
7910
17214
8902
17042
15813
19729
16380
2056
5449
16036
15120
13144
4448
13776
17737
19167
11443
17651
12708
16052
5432
18308
14462
3232
13604
1157
92
14371
17544
2127
1657
11456
3039
4981
3563
19930
14879
15894
4564
15028
14303
16420
14650
11246
8490
15015
13871
10760
17028
17150
5034
7777
10586
1078
6408
19284
18852
15694
816
3813
9708
14265
8078
9480
2917
1515
19570
18042
3460
9354
5329
15641
4629
11828
19501
13129
6290
11464
5981
2613
19381
6378
13983
6806
3145
10109
15196
17119
13876
14667
18203
6832
8712
19579
11938
3798
253
6867
13889
19981
13384
12512
6545
2299
13877
2917
1810
11403
8345
11803
14970
13899
6344
9256
15292
9633
16597
16364
16630
8638
13256
14471
11191
11435
9078
15813
14639
15630
19240
15725
2750
17688
12026
13279
5521
19756
13623
18488
2145
19514
10032
534
19391
10736
10554
2420
12993
19998
12254
9251
19848
6106
7892
5522
10083
3127
18222
1747
7204
18678
2421
13816
6282
18662
18739
14395
19445
525
12860
6597
11119
18816
6251
17131
18483
10705
1561
18948
1642
1197
18519
11991
13009
10635
19698
5617
5168
3847
19859
11318
5383
1020
17586
16748
11447
2890
13022
14393
18936
11393
1954
4768
14573
15427
19983
14798
14480
19797
5737
11592
13879
11250
18309
16803
15020
12721
6368
3179
14185
4999
1354
6142
6230
18678
14049
11802
18321
12324
1635
19837
1698
5422
10189
7317
1623
19005
5791
3265
18499
11811
6080
9916
1401
12969
19597
14049
2547
11316
6387
16110
5334
5517
13291
15342
10756
1223
5672
5773
19051
13783
5017
16821
12843
3089
12995
3879
7702
3500
13849
10185
9501
17484
3246
11324
17098
15571
19917
8012
17449
9523
400
5179
12661
7500
3175
16721
15542
3267
18905
13078
19096
7138
9414
11647
2285
6176
18289
17407
855
2453
13113
1024
566
14108
11091
5838
1552
11744
10631
15601
5606
617
6736
4171
9476
6604
8091
8073
12659
17859
19155
19514
13721
18058
1018
4107
178
4036
906
1802
5828
4084
12624
2208
479
14220
5991
13819
1566
18077
5554
1729
12331
18945
15043
14918
11003
6086
1131
13069
15067
16017
11946
2311
4556
8693
8296
5769
2986
15097
435
5033
9110
2574
17199
10108
4613
3425
17598
3944
9429
10965
114
18867
8508
16956
14013
16703
4782
1944
1854
19949
1976
6912
17549
479
7009
4804
10020
13726
4945
882
12259
16914
3786
15657
9815
15209
15194
5752
4611
910
13198
19965
5046
14792
5867
11098
16602
15378
5071
1413
16048
19347
12758
5454
15389
8981
6937
16208
17034
11581
18440
18233
12439
4890
10373
10399
4256
1809
14996
1746
10961
17297
17101
1586
12455
19985
2664
1177
4181
1088
321
11996
14262
7256
15648
18551
2968
3372
2222
12002
14942
14016
10201
5820
4149
13097
17805
17707
6308
7912
5119
12522
7149
16895
19602
16037
12645
6249
2225
17536
5076
19863
19386
17633
4266
2341
12977
14932
2907
6856
385
14881
5860
5596
12025
12593
6809
8122
10943
9800
19302
8488
5077
1951
15878
13655
11651
11196
160
10668
9615
16433
19280
1574
13320
9299
15049
5584
3784
13698
14077
3037
3954
15143
5294
2406
12410
17409
2624
231
17047
18046
8516
18700
15827
2784
13811
3798
13335
15622
7233
12904
759
14544
15033
18616
16158
13749
9789
18412
5085
14770
5458
7431
15477
16368
18758
15327
13223
9893
18060
14685
19596
760
16409
17840
12045
15203
9942
6020
7680
7308
12246
19765
5262
17401
888
17746
18507
1061
1913
5389
13764
10077
5395
6413
931
5506
15301
10295
1406
16519
8043
1166
566
4641
16034
14879
11534
725
13778
11678
8482
564
5065
8382
1372
4616
7839
3746
16883
15511
9714
11486
10493
18090
13973
10777
19574
9655
14073
1849
3518
15801
11786
15923
14327
15432
11700
2289
5168
19035
6258
17995
10542
9455
6524
164
19190
14078
1382
5615
5291
15830
11808
12901
3934
12743
8129
6639
18824
2538
16102
1755
18014
8410
16007
2718
2829
8026
5717
5561
14721
13262
18349
6251
13869
7515
14250
13559
6227
7578
11812
15768
4275
6500
18703
1718
17135
6106
6200
2573
12895
17718
98
19803
16464
7455
18621
10735
10328
16073
19082
5749
15382
7950
12303
13096
15180
16645
3501
13820
19769
16935
3036
8081
1933
3572
2137
8859
8120
9094
11163
9383
17530
12064
4435
11490
18572
4197
2343
458
14752
3879
13216
752
5357
19546
4458
13367
7935
15584
15120
2170
5627
2563
11226
8823
5057
1872
14475
17025
1358
1757
1095
14338
17381
13452
18015
17542
10175
19720
18908
11815
9571
19405
4438
15219
10902
11691
2287
8532
9592
11415
18309
3367
8283
12341
10266
15207
14021
13269
5460
8995
3802
4927
18199
5537
119
14551
11834
14094
8756
5219
10272
6183
4217
1639
1756
19156
5539
18541
17553
18029
4956
1981
18837
9675
11553
15108
11959
10087
8384
2361
6527
11621
2294
2328
18491
8071
14507
17738
7788
18808
8745
18176
9481
1626
16456
14098
11092
15315
19658
1831
12251
10961
15673
16086
9244
17584
15976
37
12230
8251
19081
19067
15410
5981
7497
12696
14297
10527
8974
3460
11146
3710
2981
3499
8428
14294
7686
5819
17872
5747
143
16459
18128
9415
5308
11226
18802
6328
19396
4004
5441
10304
313
11189
15562
6162
14670
1799
19488
15697
18562
4400
561
18269
9657
16673
5835
17086
19339
3445
4935
16308
10198
18912
9847
1562
12797
5472
4681
12307
305
15718
14187
13342
19917
18632
534
998
19109
5397
9039
13293
6288
19386
16740
19603
15862
12472
7778
11180
17698
7347
11784
18822
19109
1185
18700
265
4807
428
4318
6700
8912
7996
2471
16032
13532
1959
14841
12113
113
6986
5799
18775
6688
11414
949
9692
5071
16987
19810
16031
12583
2924
4115
15475
2539
9899
6007
16244
15573
9580
1794
15618
9638
1535
11792
2205
2561
11557
17271
14012
1262
3645
18243
5585
4207
1443
7476
13735
1641
2504
9793
1502
13566
12090
10920
16867
19945
19971
9703
12664
8322
12718
510
18224
17752
18
15262
7442
18225
2293
12333
17717
11641
8786
17893
1153
1615
10724
19113
15288
10176
10548
5575
5179
11293
16216
3076
11825
7259
10357
1718
10008
237
16873
9334
3711
11880
1742
4342
18804
992
8941
7450
11592
17551
599
19923
9795
17842
12427
17850
12808
14678
10407
255
4204
9627
6247
11529
11362
16396
9306
13578
3148
14767
4680
7385
12539
17551
10814
9843
8123
19233
14320
699
2126
7548
12447
6888
5187
1626
2764
11894
12204
3532
6117
19643
1920
2535
753
13526
7695
2212
18302
14224
16268
8563
3677
558
17771
3343
6445
18668
2557
12385
8703
2456
10685
19750
3714
9800
7656
7886
14708
4210
15808
10619
9628
6593
14177
1770
14232
4149
14253
8320
4662
11946
4614
18526
9367
18657
16728
18123
13263
6696
16120
13229
3167
8496
1631
5239
12893
17668
3256
4730
16963
7337
8975
7275
3652
1984
1901
13751
13064
16390
1040
3259
4292
13897
10033
1604
7277
13834
10279
9234
14349
17683
14081
649
19926
7119
5324
6786
2334
1071
4730
19938
8905
10505
8198
17152
19595
11292
1627
17858
4564
18891
6812
12929
8215
15926
13879
18715
12906
14407
11716
13590
10616
18393
7426
10386
17611
12877
1348
741
15884
15225
5553
1218
14701
7923
1110
15584
19411
5584
2501
7887
3448
17763
5213
17613
6993
19950
12170
5265
1580
16926
15350
7928
4625
15250
2354
7998
16234
3291
1894
5664
5611
4401
7718
2537
15191
1308
3838
3082
2411
1989
3306
15699
14458
2536
19488
19628
19123
6884
3505
6572
3639
18882
12223
5399
17375
9007
10375
6194
16418
17688
6842
14276
6560
17481
14615
15311
19093
17904
9819
14628
18
11285
95
8570
17241
8363
3435
19985
13357
13461
9863
14132
2532
9747
5290
11272
4616
3697
2164
12316
8797
6061
7884
1446
11228
8330
14173
13053
17007
2103
8610
11212
13029
8157
298
9565
7434
9938
7933
585
6741
5726
6223
280
3960
8590
8694
15400
3666
11501
2705
19193
18099
13209
10610
3395
13003
13439
13910
13803
19373
1558
11701
10913
80
16460
19691
3425
14259
17750
18825
16771
1628
19773
14334
3921
16382
18727
5176
12679
2510
8629
3747
4588
8750
11490
9969
19839
17435
7966
3116
14151
13976
10981
6999
12473
2194
14194
3846
3944
15219
15986
10708
11005
4681
18800
1333
562
17406
15739
8548
14300
8541
4874
4342
12847
9730
1991
18729
12005
18754
15101
17816
12229
15555
501
18600
9710
5003
16633
8761
5754
19930
6668
16587
4329
2411
6454
3032
15366
10775
10547
14384
11245
4004
11996
5262
3129
17659
1091
17140
18454
8528
2892
11919
19755
19658
10043
18672
12023
4453
15029
2770
9675
8657
15096
14145
2157
3000
16852
11774
16056
14468
11602
13303
5130
12211
7547
1463
7160
12473
1173
18480
3189
1635
6751
19408
11094
16125
13439
421
15096
13804
332
2540
9208
12343
909
7438
14047
14286
6142
17101
19280
1059
16808
6201
11219
13506
13088
17784
15485
5975
16984
2496
2886
3474
1324
7348
18962
25
1806
13499
10378
18697
8977
15035
16819
10919
18812
2060
17506
5575
10394
15858
14759
14807
13946
12694
14507
7696
15122
9121
18173
4994
4601
4365
1014
11568
7994
1342
432
4985
2972
13115
3530
14831
5639
19586
1330
19834
16006
1125
3097
1892
17867
5494
8051
12578
10977
2483
17917
13783
3924
6689
15643
12291
19667
19738
16391
11657
15227
16859
14190
19367
19343
10959
16228
10907
11093
17991
11496
17856
2150
7140
4561
9720
4351
2543
10192
10724
2400
14317
4482
14868
12449
16634
16976
18306
2057
13630
16021
7729
5134
17837
1888
5192
7707
13778
13106
12984
8270
5073
14811
10062
14627
13319
19387
1589
12800
1477
12410
2293
2847
809
13221
14155
17934
2719
6066
12827
662
12545
16840
5469
14434
4757
10444
14446
19607
3625
15823
823
13071
12053
15520
17279
15007
14922
1287
8090
17374
3001
14559
4565
19977
6499
15382
14604
5850
9760
10096
16060
8898
16325
10132
5377
8848
1815
13720
10543
2416
10107
13568
3625
14518
3616
7886
11312
7250
17643
2195
18389
18014
14912
3581
10458
6454
16640
9537
4133
18409
9174
2148
6311
11678
9815
17024
13648
6738
9748
1505
13912
18699
16971
18892
6695
12802
578
330
6081
10803
8823
16587
1201
3044
16710
148
13398
12987
799
1245
2006
2749
3269
10881
17753
9046
15365
17533
18656
17599
2214
8775
13672
13004
4043
19819
17448
17573
5693
4311
19438
5585
5167
18586
4301
19940
12783
3528
16158
10580
10101
3036
18884
19806
12470
7581
11970
10556
18661
2066
7953
3869
18725
19648
17039
16891
11779
16539
16078
400
16343
7874
19859
7922
14030
19563
11417
7410
12560
19962
16779
6362
17146
12609
14990
1923
17771
15582
18460
15223
19123
8204
8777
3429
17026
9553
12465
14051
15760
15775
14846
13997
784
8098
8919
5675
7938
13869
4008
13320
19567
16955
14559
11248
11679
14498
1770
10123
3662
13169
2594
9578
7627
15856
6646
11513
5503
5302
453
8726
19928
503
6210
14910
10470
10840
9053
12427
3356
325
10547
8944
15238
9564
10601
8769
13587
1092
13074
11749
15231
1942
5297
10153
8409
12951
439
9478
10014
863
18233
19485
14624
17084
2878
12295
11261
19498
12565
9030
11834
3719
1145
12542
14785
17616
16375
6237
5261
5299
4945
15462
4662
19447
10717
14355
7171
11683
3666
2807
18277
1121
14578
6489
8823
18795
13247
15429
3039
5892
5545
13443
14774
8671
10958
6016
18883
12031
9881
3427
18865
4743
18136
13983
9653
10098
19374
2613
11691
6520
