19930
19879
19765
19729
19703
19570
19501
19381
19284
19167
19154
19101
19098
18942
18852
18723
18587
18308
18042
17989
17853
17737
17651
17574
17544
17481
17214
17150
17100
17061
17042
17028
16446
16420
16380
16272
16245
16098
16059
16052
16036
15894
15813
15812
15733
15694
15641
15400
15196
15157
15120
15028
15015
14972
14969
14933
14879
14766
14681
14650
14601
14468
14462
14406
14371
14303
14287
14265
14244
14196
14053
13983
13871
13803
13776
13775
13604
13568
13528
13264
13144
13129
12798
12708
12596
12504
12295
12260
11997
11881
11834
11828
11635
11464
11456
11443
11425
11389
11246
10867
10760
10749
10740
10639
10586
10466
10301
10109
9932
9924
9914
9868
9708
9480
9354
9293
9093
9001
8902
8749
8595
8577
8490
8191
8078
8043
7950
7910
7870
7844
7811
7777
7721
7349
7329
6806
6753
6408
6388
6378
6290
6256
5981
5847
5770
5723
5711
5451
5449
5432
5404
5329
5250
5184
5125
5034
4981
4904
4904
4702
4629
4564
4544
4448
4390
4357
3915
3813
3700
3563
3460
3232
3165
3145
3039
2917
2652
2618
2613
2493
2360
2129
2127
2056
1657
1515
1460
1450
1431
1209
1157
1127
1078
1067
1040
816
486
164
132
92
