19998
19985
19985
19983
19981
19977
19971
19965
19962
19950
19949
19945
19940
19938
19930
19930
19928
19926
19923
19917
19917
19879
19863
19859
19859
19848
19839
19837
19834
19819
19810
19806
19803
19797
19773
19769
19765
19765
19756
19755
19750
19738
19729
19720
19703
19698
19691
19667
19658
19658
19648
19643
19628
19607
19603
19602
19597
19596
19595
19586
19579
19574
19570
19567
19563
19546
19514
19514
19501
19498
19488
19488
19485
19447
19445
19438
19411
19408
19405
19396
19391
19387
19386
19386
19381
19374
19373
19367
19347
19343
19339
19302
19284
19280
19280
19240
19233
19193
19190
19167
19156
19155
19154
19123
19123
19113
19109
19109
19101
19098
19096
19093
19082
19081
19067
19051
19035
19005
18962
18948
18945
18942
18936
18912
18908
18905
18892
18891
18884
18883
18882
18867
18865
18852
18837
18825
18824
18822
18816
18812
18808
18804
18802
18800
18795
18775
18758
18754
18739
18729
18727
18725
18723
18715
18703
18700
18700
18699
18697
18678
18678
18672
18668
18662
18661
18657
18656
18632
18621
18616
18600
18587
18586
18572
18562
18551
18541
18526
18519
18507
18499
18491
18488
18483
18480
18460
18454
18440
18412
18409
18393
18389
18349
18321
18309
18309
18308
18306
18302
18289
18277
18269
18243
18233
18233
18225
18224
18222
18203
18199
18176
18173
18136
18128
18123
18099
18090
18077
18060
18058
18046
18042
18029
18015
18014
18014
17995
17991
17989
17934
17917
17904
17893
17872
17867
17859
17858
17856
17853
17850
17842
17840
17837
17816
17805
17784
17771
17771
17763
17753
17752
17750
17746
17738
17737
17718
17717
17707
17698
17688
17688
17683
17668
17659
17651
17643
17633
17616
17613
17611
17599
17598
17586
17584
17574
17573
17553
17551
17551
17549
17544
17542
17536
17533
17530
17506
17484
17481
17481
17449
17448
17435
17409
17407
17406
17401
17381
17375
17374
17297
17279
17271
17241
17214
17199
17152
17150
17146
17140
17135
17131
17119
17101
17101
17100
17098
17086
17084
17061
17047
17042
17039
17034
17028
17026
17025
17024
17007
16987
16984
16976
16971
16963
16956
16955
16935
16926
16914
16895
16891
16883
16873
16867
16859
16852
16840
16821
16819
16808
16803
16779
16771
16748
16740
16728
16721
16710
16703
16673
16645
16640
16634
16633
16630
16602
16597
16587
16587
16539
16519
16464
16460
16459
16456
16446
16433
16420
16418
16409
16396
16391
16390
16382
16380
16375
16368
16364
16343
16325
16308
16272
16268
16245
16244
16234
16228
16216
16208
16158
16158
16125
16120
16110
16102
16098
16086
16078
16073
16060
16059
16056
16052
16048
16037
16036
16034
16032
16031
16021
16017
16007
16006
15986
15976
15926
15923
15894
15884
15878
15862
15858
15856
15830
15827
15823
15813
15813
15812
15808
15801
15775
15768
15760
15739
15733
15725
15718
15699
15697
15694
15673
15657
15648
15643
15641
15630
15622
15618
15601
15584
15584
15582
15573
15571
15562
15555
15542
15520
15511
15485
15477
15475
15462
15432
15429
15427
15410
15400
15400
15389
15382
15382
15378
15366
15365
15350
15342
15327
15315
15311
15301
15292
15288
15262
15250
15238
15231
15227
15225
15223
15219
15219
15209
15207
15203
15196
15194
15191
15180
15157
15143
15122
15120
15120
15108
15101
15097
15096
15096
15067
15049
15043
15035
15033
15029
15028
15020
15015
15007
14996
14990
14972
14970
14969
14942
14933
14932
14922
14918
14912
14910
14881
14879
14879
14868
14846
14841
14831
14811
14807
14798
14792
14785
14774
14770
14767
14766
14759
14752
14721
14708
14701
14685
14681
14678
14670
14667
14650
14639
14628
14627
14624
14615
14604
14601
14578
14573
14559
14559
14551
14544
14518
14507
14507
14498
14480
14475
14471
14468
14468
14462
14458
14446
14434
14407
14406
14395
14393
14384
14371
14355
14349
14338
14334
14327
14320
14317
14303
14300
14297
14294
14287
14286
14276
14265
14262
14259
14253
14250
14244
14232
14224
14220
14196
14194
14190
14187
14185
14177
14173
14155
14151
14145
14132
14108
14098
14094
14081
14078
14077
14073
14053
14051
14049
14049
14047
14030
14021
14016
14013
14012
13997
13983
13983
13976
13973
13946
13912
13910
13899
13897
13889
13879
13879
13877
13876
13871
13869
13869
13849
13834
13820
13819
13816
13811
13804
13803
13803
13783
13783
13778
13778
13776
13775
13764
13751
13749
13735
13726
13721
13720
13698
13672
13655
13648
13630
13623
13604
13590
13587
13578
13568
13568
13566
13559
13532
13528
13526
13506
13499
13461
13452
13443
13439
13439
13398
13384
13367
13357
13342
13335
13320
13320
13319
13303
13293
13291
13279
13269
13264
13263
13262
13256
13247
13229
13223
13221
13216
13209
13198
13169
13144
13129
13115
13113
13106
13097
13096
13088
13078
13074
13071
13069
13064
13053
13029
13022
13009
13004
13003
12995
12993
12987
12984
12977
12969
12951
12929
12906
12904
12901
12895
12893
12877
12860
12847
12843
12827
12808
12802
12800
12798
12797
12783
12758
12743
12721
12718
12708
12696
12694
12679
12664
12661
12659
12645
12624
12609
12596
12593
12583
12578
12565
12560
12545
12542
12539
12522
12512
12504
12473
12473
12472
12470
12465
12455
12449
12447
12439
12427
12427
12410
12410
12385
12343
12341
12333
12331
12324
12316
12307
12303
12295
12295
12291
12260
12259
12254
12251
12246
12230
12229
12223
12211
12204
12170
12113
12090
12064
12053
12045
12031
12026
12025
12023
12005
12002
11997
11996
11996
11991
11970
11959
11946
11946
11938
11919
11894
11881
11880
11834
11834
11834
11828
11825
11815
11812
11811
11808
11803
11802
11792
11786
11784
11779
11774
11749
11744
11716
11701
11700
11691
11691
11683
11679
11678
11678
11657
11651
11647
11641
11635
11621
11602
11592
11592
11581
11568
11557
11553
11534
11529
11513
11501
11496
11490
11490
11486
11464
11456
11447
11443
11435
11425
11417
11415
11414
11403
11393
11389
11362
11324
11318
11316
11312
11293
11292
11285
11272
11261
11250
11248
11246
11245
11228
11226
11226
11219
11212
11196
11191
11189
11180
11163
11146
11119
11098
11094
11093
11092
11091
11005
11003
10981
10977
10965
10961
10961
10959
10958
10943
10920
10919
10913
10907
10902
10881
10867
10840
10814
10803
10777
10775
10760
10756
10749
10740
10736
10735
10724
10724
10717
10708
10705
10685
10668
10639
10635
10631
10619
10616
10610
10601
10586
10580
10556
10554
10548
10547
10547
10543
10542
10527
10505
10493
10470
10466
10458
10444
10407
10399
10394
10386
10378
10375
10373
10357
10328
10304
10301
10295
10279
10272
10266
10201
10198
10192
10189
10185
10176
10175
10153
10132
10123
10109
10108
10107
10101
10098
10096
10087
10083
10077
10062
10043
10033
10032
10020
10014
10008
9969
9942
9938
9932
9924
9916
9914
9899
9893
9881
9868
9863
9847
9843
9819
9815
9815
9800
9800
9795
9793
9789
9760
9748
9747
9730
9720
9714
9710
9708
9703
9692
9675
9675
9657
9655
9653
9638
9633
9628
9627
9615
9592
9580
9578
9571
9565
9564
9553
9537
9523
9501
9481
9480
9478
9476
9455
9429
9415
9414
9383
9367
9354
9334
9306
9299
9293
9256
9251
9244
9234
9208
9174
9121
9110
9094
9093
9078
9053
9046
9039
9030
9007
9001
8995
8981
8977
8975
8974
8944
8941
8919
8912
8905
8902
8898
8859
8848
8823
8823
8823
8797
8786
8777
8775
8769
8761
8756
8750
8749
8745
8726
8712
8703
8694
8693
8671
8657
8638
8629
8610
8595
8590
8577
8570
8563
8548
8541
8532
8528
8516
8508
8496
8490
8488
8482
8428
8410
8409
8384
8382
8363
8345
8330
8322
8320
8296
8283
8270
8251
8215
8204
8198
8191
8157
8129
8123
8122
8120
8098
8091
8090
8081
8078
8073
8071
8051
8043
8043
8026
8012
7998
7996
7994
7966
7953
7950
7950
7938
7935
7933
7928
7923
7922
7912
7910
7892
7887
7886
7886
7884
7874
7870
7844
7839
7811
7788
7778
7777
7729
7721
7718
7707
7702
7696
7695
7686
7680
7656
7627
7581
7578
7548
7547
7515
7500
7497
7476
7455
7450
7442
7438
7434
7431
7426
7410
7385
7349
7348
7347
7337
7329
7317
7308
7277
7275
7259
7256
7250
7233
7204
7171
7160
7149
7140
7138
7119
7009
6999
6993
6986
6937
6912
6888
6884
6867
6856
6842
6832
6812
6809
6806
6786
6753
6751
6741
6738
6736
6700
6696
6695
6689
6688
6668
6646
6639
6604
6597
6593
6572
6560
6545
6527
6524
6520
6500
6499
6489
6454
6454
6445
6413
6408
6388
6387
6378
6368
6362
6344
6328
6311
6308
6290
6288
6282
6258
6256
6251
6251
6249
6247
6237
6230
6227
6223
6210
6201
6200
6194
6183
6176
6162
6142
6142
6117
6106
6106
6086
6081
6080
6066
6061
6020
6016
6007
5991
5981
5981
5975
5892
5867
5860
5850
5847
5838
5835
5828
5820
5819
5799
5791
5773
5770
5769
5754
5752
5749
5747
5737
5726
5723
5717
5711
5693
5675
5672
5664
5639
5627
5617
5615
5611
5606
5596
5585
5585
5584
5584
5575
5575
5561
5554
5553
5545
5539
5537
5522
5521
5517
5506
5503
5494
5472
5469
5460
5458
5454
5451
5449
5441
5432
5422
5404
5399
5397
5395
5389
5383
5377
5357
5334
5329
5324
5308
5302
5299
5297
5294
5291
5290
5265
5262
5262
5261
5250
5239
5219
5213
5192
5187
5184
5179
5179
5176
5168
5168
5167
5134
5130
5125
5119
5085
5077
5076
5073
5071
5071
5065
5057
5046
5034
5033
5017
5003
4999
4994
4985
4981
4956
4945
4945
4935
4927
4904
4904
4890
4874
4807
4804
4782
4768
4757
4743
4730
4730
4702
4681
4681
4680
4662
4662
4641
4629
4625
4616
4616
4614
4613
4611
4601
4588
4565
4564
4564
4561
4556
4544
4482
4458
4453
4448
4438
4435
4401
4400
4390
4365
4357
4351
4342
4342
4329
4318
4311
4301
4292
4275
4266
4256
4217
4210
4207
4204
4197
4181
4171
4149
4149
4133
4115
4107
4084
4043
4036
4008
4004
4004
3960
3954
3944
3944
3934
3924
3921
3915
3879
3879
3869
3847
3846
3838
3813
3802
3798
3798
3786
3784
3747
3746
3719
3714
3711
3710
3700
3697
3677
3666
3666
3662
3652
3645
3639
3625
3625
3616
3581
3572
3563
3532
3530
3528
3518
3505
3501
3500
3499
3474
3460
3460
3448
3445
3435
3429
3427
3425
3425
3395
3372
3367
3356
3343
3306
3291
3269
3267
3265
3259
3256
3246
3232
3189
3179
3175
3167
3165
3148
3145
3129
3127
3116
3097
3089
3082
3076
3044
3039
3039
3037
3036
3036
3032
3001
3000
2986
2981
2972
2968
2924
2917
2917
2907
2892
2890
2886
2878
2847
2829
2807
2784
2770
2764
2750
2749
2719
2718
2705
2664
2652
2624
2618
2613
2613
2594
2574
2573
2563
2561
2557
2547
2543
2540
2539
2538
2537
2536
2535
2532
2510
2504
2501
2496
2493
2483
2471
2456
2453
2421
2420
2416
2411
2411
2406
2400
2361
2360
2354
2343
2341
2334
2328
2311
2299
2294
2293
2293
2289
2287
2285
2225
2222
2214
2212
2208
2205
2195
2194
2170
2164
2157
2150
2148
2145
2137
2129
2127
2126
2103
2066
2060
2057
2056
2006
1991
1989
1984
1981
1976
1959
1954
1951
1944
1942
1933
1923
1920
1913
1901
1894
1892
1888
1872
1854
1849
1831
1815
1810
1809
1806
1802
1799
1794
1770
1770
1757
1756
1755
1747
1746
1742
1729
1718
1718
1698
1657
1642
1641
1639
1635
1635
1631
1628
1627
1626
1626
1623
1615
1604
1589
1586
1580
1574
1566
1562
1561
1558
1552
1535
1515
1505
1502
1477
1463
1460
1450
1446
1443
1431
1413
1406
1401
1382
1372
1358
1354
1348
1342
1333
1330
1324
1308
1287
1262
1245
1223
1218
1209
1201
1197
1185
1177
1173
1166
1157
1153
1145
1131
1127
1125
1121
1110
1095
1092
1091
1088
1078
1071
1067
1061
1059
1040
1040
1024
1020
1018
1014
998
992
949
931
910
909
906
888
882
863
855
823
816
809
799
784
760
759
753
752
741
725
699
662
649
617
599
585
578
566
566
564
562
561
558
534
534
525
510
503
501
486
479
479
458
453
439
435
432
428
421
400
400
385
332
330
325
321
313
305
298
280
265
255
253
237
231
178
164
164
160
148
143
132
119
114
113
98
95
92
80
37
25
18
18
