92
132
164
486
816
1040
1067
1078
1127
1157
1209
1431
1450
1460
1515
1657
2056
2127
2129
2360
2493
2613
2618
2652
2917
3039
3145
3165
3232
3460
3563
3700
3813
3915
4357
4390
4448
4544
4564
4629
4702
4904
4904
4981
5034
5125
5184
5250
5329
5404
5432
5449
5451
5711
5723
5770
5847
5981
6256
6290
6378
6388
6408
6753
6806
7329
7349
7721
7777
7811
7844
7870
7910
7950
8043
8078
8191
8490
8577
8595
8749
8902
9001
9093
9293
9354
9480
9708
9868
9914
9924
9932
10109
10301
10466
10586
10639
10740
10749
10760
10867
11246
11389
11425
11443
11456
11464
11635
11828
11834
11881
11997
12260
12295
12504
12596
12708
12798
13129
13144
13264
13528
13568
13604
13775
13776
13803
13871
13983
14053
14196
14244
14265
14287
14303
14371
14406
14462
14468
14601
14650
14681
14766
14879
14933
14969
14972
15015
15028
15120
15157
15196
15400
15641
15694
15733
15812
15813
15894
16036
16052
16059
16098
16245
16272
16380
16420
16446
17028
17042
17061
17100
17150
17214
17481
17544
17574
17651
17737
17853
17989
18042
18308
18587
18723
18852
18942
19098
19101
19154
19167
19284
19381
19501
19570
19703
19729
19765
19879
19930
