18
18
25
37
80
92
95
98
113
114
119
132
143
148
160
164
164
178
231
237
253
255
265
280
298
305
313
321
325
330
332
385
400
400
421
428
432
435
439
453
458
479
479
486
501
503
510
525
534
534
558
561
562
564
566
566
578
585
599
617
649
662
699
725
741
752
753
759
760
784
799
809
816
823
855
863
882
888
906
909
910
931
949
992
998
1014
1018
1020
1024
1040
1040
1059
1061
1067
1071
1078
1088
1091
1092
1095
1110
1121
1125
1127
1131
1145
1153
1157
1166
1173
1177
1185
1197
1201
1209
1218
1223
1245
1262
1287
1308
1324
1330
1333
1342
1348
1354
1358
1372
1382
1401
1406
1413
1431
1443
1446
1450
1460
1463
1477
1502
1505
1515
1535
1552
1558
1561
1562
1566
1574
1580
1586
1589
1604
1615
1623
1626
1626
1627
1628
1631
1635
1635
1639
1641
1642
1657
1698
1718
1718
1729
1742
1746
1747
1755
1756
1757
1770
1770
1794
1799
1802
1806
1809
1810
1815
1831
1849
1854
1872
1888
1892
1894
1901
1913
1920
1923
1933
1942
1944
1951
1954
1959
1976
1981
1984
1989
1991
2006
2056
2057
2060
2066
2103
2126
2127
2129
2137
2145
2148
2150
2157
2164
2170
2194
2195
2205
2208
2212
2214
2222
2225
2285
2287
2289
2293
2293
2294
2299
2311
2328
2334
2341
2343
2354
2360
2361
2400
2406
2411
2411
2416
2420
2421
2453
2456
2471
2483
2493
2496
2501
2504
2510
2532
2535
2536
2537
2538
2539
2540
2543
2547
2557
2561
2563
2573
2574
2594
2613
2613
2618
2624
2652
2664
2705
2718
2719
2749
2750
2764
2770
2784
2807
2829
2847
2878
2886
2890
2892
2907
2917
2917
2924
2968
2972
2981
2986
3000
3001
3032
3036
3036
3037
3039
3039
3044
3076
3082
3089
3097
3116
3127
3129
3145
3148
3165
3167
3175
3179
3189
3232
3246
3256
3259
3265
3267
3269
3291
3306
3343
3356
3367
3372
3395
3425
3425
3427
3429
3435
3445
3448
3460
3460
3474
3499
3500
3501
3505
3518
3528
3530
3532
3563
3572
3581
3616
3625
3625
3639
3645
3652
3662
3666
3666
3677
3697
3700
3710
3711
3714
3719
3746
3747
3784
3786
3798
3798
3802
3813
3838
3846
3847
3869
3879
3879
3915
3921
3924
3934
3944
3944
3954
3960
4004
4004
4008
4036
4043
4084
4107
4115
4133
4149
4149
4171
4181
4197
4204
4207
4210
4217
4256
4266
4275
4292
4301
4311
4318
4329
4342
4342
4351
4357
4365
4390
4400
4401
4435
4438
4448
4453
4458
4482
4544
4556
4561
4564
4564
4565
4588
4601
4611
4613
4614
4616
4616
4625
4629
4641
4662
4662
4680
4681
4681
4702
4730
4730
4743
4757
4768
4782
4804
4807
4874
4890
4904
4904
4927
4935
4945
4945
4956
4981
4985
4994
4999
5003
5017
5033
5034
5046
5057
5065
5071
5071
5073
5076
5077
5085
5119
5125
5130
5134
5167
5168
5168
5176
5179
5179
5184
5187
5192
5213
5219
5239
5250
5261
5262
5262
5265
5290
5291
5294
5297
5299
5302
5308
5324
5329
5334
5357
5377
5383
5389
5395
5397
5399
5404
5422
5432
5441
5449
5451
5454
5458
5460
5469
5472
5494
5503
5506
5517
5521
5522
5537
5539
5545
5553
5554
5561
5575
5575
5584
5584
5585
5585
5596
5606
5611
5615
5617
5627
5639
5664
5672
5675
5693
5711
5717
5723
5726
5737
5747
5749
5752
5754
5769
5770
5773
5791
5799
5819
5820
5828
5835
5838
5847
5850
5860
5867
5892
5975
5981
5981
5991
6007
6016
6020
6061
6066
6080
6081
6086
6106
6106
6117
6142
6142
6162
6176
6183
6194
6200
6201
6210
6223
6227
6230
6237
6247
6249
6251
6251
6256
6258
6282
6288
6290
6308
6311
6328
6344
6362
6368
6378
6387
6388
6408
6413
6445
6454
6454
6489
6499
6500
6520
6524
6527
6545
6560
6572
6593
6597
6604
6639
6646
6668
6688
6689
6695
6696
6700
6736
6738
6741
6751
6753
6786
6806
6809
6812
6832
6842
6856
6867
6884
6888
6912
6937
6986
6993
6999
7009
7119
7138
7140
7149
7160
7171
7204
7233
7250
7256
7259
7275
7277
7308
7317
7329
7337
7347
7348
7349
7385
7410
7426
7431
7434
7438
7442
7450
7455
7476
7497
7500
7515
7547
7548
7578
7581
7627
7656
7680
7686
7695
7696
7702
7707
7718
7721
7729
7777
7778
7788
7811
7839
7844
7870
7874
7884
7886
7886
7887
7892
7910
7912
7922
7923
7928
7933
7935
7938
7950
7950
7953
7966
7994
7996
7998
8012
8026
8043
8043
8051
8071
8073
8078
8081
8090
8091
8098
8120
8122
8123
8129
8157
8191
8198
8204
8215
8251
8270
8283
8296
8320
8322
8330
8345
8363
8382
8384
8409
8410
8428
8482
8488
8490
8496
8508
8516
8528
8532
8541
8548
8563
8570
8577
8590
8595
8610
8629
8638
8657
8671
8693
8694
8703
8712
8726
8745
8749
8750
8756
8761
8769
8775
8777
8786
8797
8823
8823
8823
8848
8859
8898
8902
8905
8912
8919
8941
8944
8974
8975
8977
8981
8995
9001
9007
9030
9039
9046
9053
9078
9093
9094
9110
9121
9174
9208
9234
9244
9251
9256
9293
9299
9306
9334
9354
9367
9383
9414
9415
9429
9455
9476
9478
9480
9481
9501
9523
9537
9553
9564
9565
9571
9578
9580
9592
9615
9627
9628
9633
9638
9653
9655
9657
9675
9675
9692
9703
9708
9710
9714
9720
9730
9747
9748
9760
9789
9793
9795
9800
9800
9815
9815
9819
9843
9847
9863
9868
9881
9893
9899
9914
9916
9924
9932
9938
9942
9969
10008
10014
10020
10032
10033
10043
10062
10077
10083
10087
10096
10098
10101
10107
10108
10109
10123
10132
10153
10175
10176
10185
10189
10192
10198
10201
10266
10272
10279
10295
10301
10304
10328
10357
10373
10375
10378
10386
10394
10399
10407
10444
10458
10466
10470
10493
10505
10527
10542
10543
10547
10547
10548
10554
10556
10580
10586
10601
10610
10616
10619
10631
10635
10639
10668
10685
10705
10708
10717
10724
10724
10735
10736
10740
10749
10756
10760
10775
10777
10803
10814
10840
10867
10881
10902
10907
10913
10919
10920
10943
10958
10959
10961
10961
10965
10977
10981
11003
11005
11091
11092
11093
11094
11098
11119
11146
11163
11180
11189
11191
11196
11212
11219
11226
11226
11228
11245
11246
11248
11250
11261
11272
11285
11292
11293
11312
11316
11318
11324
11362
11389
11393
11403
11414
11415
11417
11425
11435
11443
11447
11456
11464
11486
11490
11490
11496
11501
11513
11529
11534
11553
11557
11568
11581
11592
11592
11602
11621
11635
11641
11647
11651
11657
11678
11678
11679
11683
11691
11691
11700
11701
11716
11744
11749
11774
11779
11784
11786
11792
11802
11803
11808
11811
11812
11815
11825
11828
11834
11834
11834
11880
11881
11894
11919
11938
11946
11946
11959
11970
11991
11996
11996
11997
12002
12005
12023
12025
12026
12031
12045
12053
12064
12090
12113
12170
12204
12211
12223
12229
12230
12246
12251
12254
12259
12260
12291
12295
12295
12303
12307
12316
12324
12331
12333
12341
12343
12385
12410
12410
12427
12427
12439
12447
12449
12455
12465
12470
12472
12473
12473
12504
12512
12522
12539
12542
12545
12560
12565
12578
12583
12593
12596
12609
12624
12645
12659
12661
12664
12679
12694
12696
12708
12718
12721
12743
12758
12783
12797
12798
12800
12802
12808
12827
12843
12847
12860
12877
12893
12895
12901
12904
12906
12929
12951
12969
12977
12984
12987
12993
12995
13003
13004
13009
13022
13029
13053
13064
13069
13071
13074
13078
13088
13096
13097
13106
13113
13115
13129
13144
13169
13198
13209
13216
13221
13223
13229
13247
13256
13262
13263
13264
13269
13279
13291
13293
13303
13319
13320
13320
13335
13342
13357
13367
13384
13398
13439
13439
13443
13452
13461
13499
13506
13526
13528
13532
13559
13566
13568
13568
13578
13587
13590
13604
13623
13630
13648
13655
13672
13698
13720
13721
13726
13735
13749
13751
13764
13775
13776
13778
13778
13783
13783
13803
13803
13804
13811
13816
13819
13820
13834
13849
13869
13869
13871
13876
13877
13879
13879
13889
13897
13899
13910
13912
13946
13973
13976
13983
13983
13997
14012
14013
14016
14021
14030
14047
14049
14049
14051
14053
14073
14077
14078
14081
14094
14098
14108
14132
14145
14151
14155
14173
14177
14185
14187
14190
14194
14196
14220
14224
14232
14244
14250
14253
14259
14262
14265
14276
14286
14287
14294
14297
14300
14303
14317
14320
14327
14334
14338
14349
14355
14371
14384
14393
14395
14406
14407
14434
14446
14458
14462
14468
14468
14471
14475
14480
14498
14507
14507
14518
14544
14551
14559
14559
14573
14578
14601
14604
14615
14624
14627
14628
14639
14650
14667
14670
14678
14681
14685
14701
14708
14721
14752
14759
14766
14767
14770
14774
14785
14792
14798
14807
14811
14831
14841
14846
14868
14879
14879
14881
14910
14912
14918
14922
14932
14933
14942
14969
14970
14972
14990
14996
15007
15015
15020
15028
15029
15033
15035
15043
15049
15067
15096
15096
15097
15101
15108
15120
15120
15122
15143
15157
15180
15191
15194
15196
15203
15207
15209
15219
15219
15223
15225
15227
15231
15238
15250
15262
15288
15292
15301
15311
15315
15327
15342
15350
15365
15366
15378
15382
15382
15389
15400
15400
15410
15427
15429
15432
15462
15475
15477
15485
15511
15520
15542
15555
15562
15571
15573
15582
15584
15584
15601
15618
15622
15630
15641
15643
15648
15657
15673
15694
15697
15699
15718
15725
15733
15739
15760
15768
15775
15801
15808
15812
15813
15813
15823
15827
15830
15856
15858
15862
15878
15884
15894
15923
15926
15976
15986
16006
16007
16017
16021
16031
16032
16034
16036
16037
16048
16052
16056
16059
16060
16073
16078
16086
16098
16102
16110
16120
16125
16158
16158
16208
16216
16228
16234
16244
16245
16268
16272
16308
16325
16343
16364
16368
16375
16380
16382
16390
16391
16396
16409
16418
16420
16433
16446
16456
16459
16460
16464
16519
16539
16587
16587
16597
16602
16630
16633
16634
16640
16645
16673
16703
16710
16721
16728
16740
16748
16771
16779
16803
16808
16819
16821
16840
16852
16859
16867
16873
16883
16891
16895
16914
16926
16935
16955
16956
16963
16971
16976
16984
16987
17007
17024
17025
17026
17028
17034
17039
17042
17047
17061
17084
17086
17098
17100
17101
17101
17119
17131
17135
17140
17146
17150
17152
17199
17214
17241
17271
17279
17297
17374
17375
17381
17401
17406
17407
17409
17435
17448
17449
17481
17481
17484
17506
17530
17533
17536
17542
17544
17549
17551
17551
17553
17573
17574
17584
17586
17598
17599
17611
17613
17616
17633
17643
17651
17659
17668
17683
17688
17688
17698
17707
17717
17718
17737
17738
17746
17750
17752
17753
17763
17771
17771
17784
17805
17816
17837
17840
17842
17850
17853
17856
17858
17859
17867
17872
17893
17904
17917
17934
17989
17991
17995
18014
18014
18015
18029
18042
18046
18058
18060
18077
18090
18099
18123
18128
18136
18173
18176
18199
18203
18222
18224
18225
18233
18233
18243
18269
18277
18289
18302
18306
18308
18309
18309
18321
18349
18389
18393
18409
18412
18440
18454
18460
18480
18483
18488
18491
18499
18507
18519
18526
18541
18551
18562
18572
18586
18587
18600
18616
18621
18632
18656
18657
18661
18662
18668
18672
18678
18678
18697
18699
18700
18700
18703
18715
18723
18725
18727
18729
18739
18754
18758
18775
18795
18800
18802
18804
18808
18812
18816
18822
18824
18825
18837
18852
18865
18867
18882
18883
18884
18891
18892
18905
18908
18912
18936
18942
18945
18948
18962
19005
19035
19051
19067
19081
19082
19093
19096
19098
19101
19109
19109
19113
19123
19123
19154
19155
19156
19167
19190
19193
19233
19240
19280
19280
19284
19302
19339
19343
19347
19367
19373
19374
19381
19386
19386
19387
19391
19396
19405
19408
19411
19438
19445
19447
19485
19488
19488
19498
19501
19514
19514
19546
19563
19567
19570
19574
19579
19586
19595
19596
19597
19602
19603
19607
19628
19643
19648
19658
19658
19667
19691
19698
19703
19720
19729
19738
19750
19755
19756
19765
19765
19769
19773
19797
19803
19806
19810
19819
19834
19837
19839
19848
19859
19859
19863
19879
19917
19917
19923
19926
19928
19930
19930
19938
19940
19945
19949
19950
19962
19965
19971
19977
19981
19983
19985
19985
19998
